batch_size,hidden_dim,encoder_layer_nb,decoder_layer_nb,learning_rate,scheduler_patience,scheduler_factor,max_epochs,dropout,input_frames,output_frames,total_loss,ADE,FDE,AIoU,FIoU,test_test_loss,test_test_ADE,test_test_FDE,test_test_AIoU,test_test_FIoU
16,32,1,1,0.001,5,0.5,30,0.1,60,30,,,,,,0.0010726110776886344,60.327362060546875,103.1364517211914,0.38818925619125366,0.17413096129894257
16,32,2,2,0.001,5,0.5,30,0.1,60,30,,,,,,0.0011528934119269252,65.31108856201172,112.14954376220703,0.362580269575119,0.1509796679019928
16,32,3,3,0.001,5,0.5,30,0.1,60,30,,,,,,0.0010549891740083694,60.90792465209961,94.04790496826172,0.37438032031059265,0.17623338103294373
16,32,4,4,0.001,5,0.5,30,0.1,60,30,,,,,,0.0010397167643532157,59.533935546875,94.42353820800781,0.3877628743648529,0.17527008056640625
16,64,1,1,0.001,5,0.5,30,0.1,60,30,,,,,,0.0010104189859703183,58.2245979309082,96.77711486816406,0.39341190457344055,0.18191364407539368
16,64,2,2,0.001,5,0.5,30,0.1,60,30,,,,,,0.0015599069884046912,86.41616821289062,123.37034606933594,0.2913394570350647,0.10162156075239182
16,64,3,3,0.001,5,0.5,30,0.1,60,30,,,,,,0.0009934466797858477,51.867958068847656,87.279296875,0.4273872971534729,0.20543767511844635
16,64,4,4,0.001,5,0.5,30,0.1,60,30,,,,,,0.0010751752415671945,56.59552001953125,90.28250122070312,0.40272000432014465,0.19465398788452148
16,128,1,1,0.001,5,0.5,30,0.1,60,30,,,,,,0.001589465537108481,82.39057159423828,123.2804946899414,0.3428349196910858,0.1291382908821106
16,128,2,2,0.001,5,0.5,30,0.1,60,30,,,,,,0.001746961148455739,71.42790222167969,98.13505554199219,0.3804910480976105,0.18412335216999054
16,128,3,3,0.001,5,0.5,30,0.1,60,30,,,,,,0.0012413362273946404,70.3517837524414,100.82173156738281,0.3628757894039154,0.1571967750787735
16,128,4,4,0.001,5,0.5,30,0.1,60,30,,,,,,0.0014547418104484677,79.3118667602539,105.4677505493164,0.3491596281528473,0.15395578742027283
16,256,1,1,0.001,5,0.5,30,0.1,60,30,,,,,,0.0012612774735316634,68.38595581054688,98.49740600585938,0.3555075228214264,0.16092336177825928
16,256,2,2,0.001,5,0.5,30,0.1,60,30,,,,,,0.0017374356975778937,87.12296295166016,119.06487274169922,0.32211390137672424,0.1119411289691925
16,256,3,3,0.001,5,0.5,30,0.1,60,30,,,,,,0.0013951942091807723,73.20130920410156,114.3304214477539,0.35952773690223694,0.14075420796871185
16,256,4,4,0.001,5,0.5,30,0.1,60,30,,,,,,0.001224104198627174,76.27597045898438,111.30551147460938,0.3286627233028412,0.1409129798412323
16,512,1,1,0.001,5,0.5,30,0.1,60,30,,,,,,0.0013147188583388925,76.19291687011719,109.82642364501953,0.3591986894607544,0.16090302169322968
