batch_size,hidden_dim,encoder_layer_nb,decoder_layer_nb,learning_rate,scheduler_patience,scheduler_factor,max_epochs,dropout,input_frames,output_frames,test_total_loss,test_ADE,test_FDE,test_AIoU,test_FIoU,test_loss
16,64,1,1,0.0001,5,0.5,30,0.1,60,30,,65.2783203125,108.26211547851562,0.36086738109588623,0.15960809588432312,0.0010873809223994613
16,64,1,1,0.0001,5,0.9,30,0.1,60,30,,73.04631805419922,122.97206115722656,0.32294517755508423,0.11588233709335327,0.001121717388741672
16,64,1,1,0.0001,10,0.5,30,0.1,60,30,,63.48490524291992,107.92364501953125,0.35715028643608093,0.13021822273731232,0.0010618467349559069
16,64,1,1,0.0001,10,0.9,30,0.1,60,30,,68.62447357177734,110.21055603027344,0.3531354069709778,0.15404295921325684,0.0011244857450947165
16,64,3,3,0.0001,5,0.5,30,0.1,60,30,,67.54470825195312,106.9572525024414,0.3509676158428192,0.15035121142864227,0.0010813528206199408
16,64,3,3,0.0001,5,0.9,30,0.1,60,30,,66.67388153076172,105.87303924560547,0.3528059422969818,0.15298321843147278,0.0011261204490438104
16,64,3,3,0.0001,10,0.5,30,0.1,60,30,,66.8173828125,105.132568359375,0.3412911593914032,0.14918896555900574,0.001089522149413824
16,64,3,3,0.0001,10,0.9,30,0.1,60,30,,61.2664680480957,100.1122055053711,0.3688696324825287,0.17320075631141663,0.0010593754705041647
16,80,1,1,0.0001,5,0.5,30,0.1,60,30,,74.00048828125,119.87311553955078,0.3378709554672241,0.13213934004306793,0.0011618688004091382
16,80,1,1,0.0001,5,0.9,30,0.1,60,30,,67.86670684814453,109.62956237792969,0.3478451073169708,0.14349737763404846,0.0010718354023993015
16,80,1,1,0.0001,10,0.5,30,0.1,60,30,,64.48894500732422,111.09648132324219,0.36180514097213745,0.14465299248695374,0.0010854806751012802
16,80,1,1,0.0001,10,0.9,30,0.1,60,30,,64.6675796508789,111.12415313720703,0.37026000022888184,0.14838188886642456,0.0010789601365104318
16,80,3,3,0.0001,5,0.5,30,0.1,60,30,,61.78080368041992,100.81045532226562,0.3725682497024536,0.17515121400356293,0.0010791710810735822
16,80,3,3,0.0001,5,0.9,30,0.1,60,30,,63.75358963012695,105.46761322021484,0.37543684244155884,0.16036485135555267,0.0010717060649767518
16,80,3,3,0.0001,10,0.5,30,0.1,60,30,,74.14750671386719,114.72688293457031,0.31588664650917053,0.1244816854596138,0.0011835134355351329
16,80,3,3,0.0001,10,0.9,30,0.1,60,30,,68.72000885009766,108.76380920410156,0.3508762717247009,0.14825360476970673,0.0011214943369850516
